,Anfu_Zhou,Hongman_Wang,Xiangling_Fu,Yang_Liu_0024,Pengfei_Wang_0009,Si-Ya_Xu,Wenjing_Li_0001,Chen_Liu_0011,Xiaomin_Zhu_0002,Yawen_Wang,Pei_Zhang_0003,Jianfeng_Guan,Qi_Qi_0001,Qiwei_Shen,Chuan_Shi,Yongping_Xiong,Haihong_E,Fanqin_Zhou,Shuzhuang_Zhang,Hongliang_Liang,Linmei_Hu,Yanhua_Yu,Yan_Shi_0002,Haifeng_Sun,Yuhong_Li,Dong_Zhao_0001,Tiemeng_Li,Feng_Qi_0004,Rongfeng_Li,Jincui_Yang,Ao_Xiong,Li_Wang_0039,Bin_Wu_0001,Zhili_Wang,Ding_Xiao,Yingxia_Shao,Rongheng_Lin,Kun_Niu,Xirong_Que,Dahai_Jin,Guangwei_Zhang,Yuan_Dong,Shangguang_Wang,Xiangang_Qin,Xin_Li_0041,Bo_Hu_0003,Wenhua_Shao,Junping_Du,Meilian_Lu,Wenbin_Yao,Zhaowen_Lin,Liutong_Xu,Jinglin_Li,Shao-Yong_Guo,Yidong_Cui,Yanlei_Shang,Xuejing_Kang,Sujie_Shao,Anlong_Ming,Bai_Wang_0001,Hui_Gao_0001,Fangchun_Yang,Dongliang_Xie,Xiangwu_Meng,Jingling_Zhao,Pengrui_Duan,Wendong_Wang,Shao-Zhang_Niu,Yan_Sun_0004,Yuyu_Yuan,Wenan_Zhou,Xiang_Cheng_0003,Songwei_Pei,Xiaoyuan_Fu,Jianxin_Liao,Tong_Xu_0002,Fang_Zhao_0003,Chong_Gao,Hai_Huang_0001,Xiaofeng_Du,Kun_Xie_0003,Yunzhan_Gong,Yang_Zhang_0015,Changqiao_Xu,Qiang_Fu_0004,Wenming_Guo,Haoyu_Wang_0001,Hongwei_Jia,Meina_Song,Lei_Feng_0001,Yuchao_Zhang,Zhengqiu_Yang,Xiangyang_Gong,Hua_Zou,Danfeng_Yan,Xiuqin_Lin,Quan_Yuan_0004,MeiYu_Liang,Jingyu_Wang_0001,Xingquan_Zuo,Lanlan_Rui,Lejian_Zhang,Zhongbao_Zhang,Xiaoru_Wang,Zhonghong_Ou,Wen-Jun_Hou,Lirong_Qiu,Qibo_Sun,Hongbo_Wang_0001,Ying_Wang_0002,Mengshi_Qi,Xuesong_Qiu_0001,Hong_Luo_0001,Xianlin_Zhang,Huiyuan_Fu,Feifei_Kou,Budan_Wu,Jinpeng_Chen,Jiapeng_Xiu,Kai_Shuang,Yonghao_Gu,Xiaolong_Zheng_0002,Shujie_Yang,Xiao-hong_Huang,Zhipeng_Gao,Yuanyuan_Zuo
Anfu_Zhou,1.0000001,0.9861027,0.9890659,0.9786539,0.9767102,0.9866134,0.9929832,0.987553,0.9916069,0.9904851,0.99229455,0.9930284,0.9721408,0.9512181,0.93908286,0.9928444,0.98979294,0.989714,0.99289227,0.0,0.9794879,0.97316885,0.99041295,0.9858462,0.95983005,0.97888553,0.9729636,0.97459626,0.9242585,0.98343223,0.98766017,0.9917058,0.98981285,0.9918783,0.98703885,0.98890173,0.9913187,0.98682755,0.99531126,0.9836004,0.9245004,0.98110604,0.99416286,0.98057187,0.9867946,0.9894053,0.9853961,0.98821485,0.9873817,0.0,0.9897772,0.0,0.9141651,0.9918815,0.951779,0.9943471,0.9821815,0.9824597,0.9858384,0.99050766,0.9869491,0.9511372,0.9959388,0.91904294,0.9908302,0.9952757,0.9958586,0.969569,0.99371505,0.8931416,0.9925798,0.98571813,0.97554106,0.98391956,0.9953128,0.98789614,0.99095345,0.9540912,0.9905517,0.97526556,0.9859474,0.98051906,0.98782873,0.99475026,0.96567535,0.9886184,0.980885,0.94618464,0.99310064,0.98918915,0.0,0.9881073,0.995461,0.0,0.76842016,0.9822033,0.99244,0.9826931,0.99527234,0.9861161,0.9920041,0.9839051,0.9872578,0.9718925,0.99694777,0.98621845,0.9789095,0.99117947,0.9939359,0.9913903,0.9824965,0.99328923,0.9934507,0.8472115,0.99023426,0.9809937,0.9842632,0.95827734,0.98761,0.90612763,0.9826496,0.9960222,0.9903165,0.95136344,0.9914088,0.9664923
Hongman_Wang,0.9861027,0.9999999,0.9846513,0.96546316,0.97200936,0.9801731,0.98616123,0.9890889,0.98744416,0.9879507,0.9857223,0.979036,0.9737344,0.95543236,0.94412553,0.98495543,0.9878491,0.98295105,0.9828615,0.0,0.97258687,0.9786396,0.98016185,0.98238647,0.973274,0.97814214,0.96152675,0.9682682,0.9307791,0.9878403,0.9855552,0.98357356,0.98386025,0.98960376,0.982938,0.986984,0.99133587,0.98714715,0.98407066,0.9849937,0.9238049,0.96957624,0.98672396,0.9707096,0.9770738,0.9822695,0.9829838,0.9892423,0.97784424,0.0,0.9836534,0.0,0.91912353,0.98725295,0.94772905,0.9876368,0.98122764,0.9788345,0.98436856,0.98350406,0.9793341,0.9580802,0.9879501,0.9272487,0.98818433,0.9829062,0.9898312,0.9683117,0.9889617,0.892909,0.9816222,0.9833194,0.97901833,0.9769307,0.9879252,0.9826473,0.99063694,0.9583112,0.9844129,0.9712831,0.9788605,0.98308325,0.984729,0.98121536,0.9681183,0.9901922,0.96785647,0.95770895,0.98904026,0.98171294,0.0,0.9905956,0.98730993,0.0,0.74798197,0.97780174,0.98729205,0.9765402,0.98707247,0.98896396,0.9871584,0.96687055,0.97886735,0.97093815,0.9873111,0.9826497,0.9735966,0.98484814,0.9838969,0.985472,0.9729799,0.98809505,0.9880874,0.86276674,0.98429227,0.9746388,0.98626333,0.9493737,0.9890758,0.89378846,0.9792346,0.98503494,0.9854014,0.9640337,0.9895462,0.9646038
Xiangling_Fu,0.9890659,0.9846513,0.99999976,0.96503395,0.98933667,0.9801333,0.9849334,0.98802406,0.98836315,0.99480855,0.98710394,0.985419,0.9830717,0.95323545,0.950174,0.9864653,0.9962536,0.9794375,0.9884616,0.0,0.9892646,0.98148954,0.9815885,0.98318315,0.9596273,0.9814359,0.9683484,0.9698326,0.9390335,0.98893154,0.9843514,0.98810095,0.9953426,0.9930502,0.9931643,0.9939506,0.99253875,0.9938415,0.9854141,0.9896527,0.93360424,0.9764497,0.99171054,0.98320246,0.97782034,0.97862333,0.985252,0.99441683,0.9878702,0.0,0.9843426,0.0,0.9214551,0.9862907,0.95963335,0.9897051,0.9868318,0.97202045,0.98867613,0.99474156,0.98116124,0.9456483,0.99032915,0.92690015,0.991885,0.98605514,0.9929931,0.96856487,0.9941908,0.883878,0.98855925,0.99143493,0.97705036,0.97957563,0.99206,0.9885751,0.98847187,0.95177877,0.9875908,0.977999,0.97384226,0.9888908,0.98823637,0.9855535,0.9688475,0.99158216,0.9799094,0.9466872,0.9966146,0.9793159,0.0,0.9895295,0.98726094,0.0,0.7644731,0.9915918,0.985991,0.9916448,0.99056387,0.9881146,0.9889452,0.9710876,0.98888546,0.98001945,0.99186945,0.99023676,0.98758876,0.9925231,0.98655754,0.9846059,0.98734254,0.98857534,0.9926387,0.86170936,0.9883033,0.990245,0.9872425,0.951532,0.9884483,0.9072062,0.9834815,0.9872889,0.9886676,0.95349693,0.99220455,0.97276247
Yang_Liu_0024,0.9786539,0.96546316,0.96503395,1.0,0.9388249,0.9825969,0.9856785,0.9673203,0.9817889,0.9650774,0.9778379,0.98386526,0.94188213,0.9332259,0.90645885,0.98123455,0.96436775,0.9865127,0.9769584,0.0,0.95184207,0.95256805,0.9831867,0.9658998,0.94372374,0.945176,0.9485159,0.9496628,0.91191137,0.9647783,0.9827255,0.983876,0.9670073,0.97097147,0.95644575,0.9644871,0.9704962,0.9586917,0.9841683,0.95823395,0.9077132,0.9563112,0.97326255,0.9470186,0.98400307,0.99104583,0.96140945,0.96672213,0.97324884,0.0,0.97283715,0.0,0.90312046,0.98075616,0.9431468,0.97909075,0.9603628,0.979635,0.95661116,0.9694555,0.9893897,0.93605745,0.97926486,0.90524423,0.97371924,0.97782147,0.97899467,0.95562035,0.9711379,0.88460314,0.982855,0.9632381,0.953571,0.9624971,0.97822905,0.97444284,0.97138536,0.93127394,0.9816855,0.950731,0.9793762,0.95443904,0.96729577,0.9836682,0.92760545,0.9679669,0.95547616,0.94244206,0.9717226,0.9873028,0.0,0.96808636,0.9832019,0.0,0.73448765,0.96381336,0.97101533,0.9528018,0.97731864,0.9613924,0.9803674,0.9748306,0.971871,0.9485669,0.9775578,0.9558077,0.95119363,0.9659654,0.9776009,0.98873824,0.94986075,0.9831072,0.97272134,0.8250049,0.9565346,0.9571425,0.9616631,0.9391033,0.9662459,0.86918426,0.9713793,0.9809835,0.9763585,0.9241042,0.97553504,0.9419607
Pengfei_Wang_0009,0.9767102,0.97200936,0.98933667,0.9388249,1.0,0.96266085,0.96781087,0.9754272,0.9750031,0.9865937,0.9736985,0.97200394,0.9825023,0.9513737,0.9500494,0.9729545,0.99234253,0.9616539,0.9786924,0.0,0.9897894,0.9777492,0.9627168,0.97231764,0.9445529,0.9772469,0.9631665,0.9627,0.9211127,0.9797773,0.968537,0.9746745,0.9879744,0.9826918,0.9908254,0.9888165,0.9830445,0.99035776,0.9706688,0.9811842,0.921636,0.9733856,0.9838499,0.9819351,0.9575807,0.9612783,0.97700566,0.98578596,0.9782891,0.0,0.971699,0.0,0.9147804,0.97235054,0.9529485,0.9778608,0.9804662,0.95420617,0.98290396,0.9870984,0.96278703,0.92474246,0.9793949,0.9226089,0.98007655,0.97267914,0.9827162,0.9532603,0.9853164,0.8618798,0.9757785,0.98728454,0.9654268,0.9726973,0.9821855,0.9796354,0.9774227,0.94004583,0.9733468,0.97155803,0.95463645,0.9814246,0.9816289,0.97166127,0.96846926,0.98176235,0.9729046,0.93452156,0.9895297,0.9612249,0.0,0.9775575,0.9735853,0.0,0.7823539,0.98220134,0.97469467,0.9843683,0.9807634,0.9811102,0.9771757,0.9557377,0.97855777,0.9661268,0.98024213,0.98518914,0.98422885,0.98820245,0.9734209,0.96761096,0.9827025,0.97400486,0.9836577,0.8344964,0.98224556,0.98137105,0.9775796,0.94268024,0.97556484,0.91727674,0.9708095,0.9738567,0.9777155,0.95060337,0.9820132,0.96734995
Si-Ya_Xu,0.9866134,0.9801731,0.9801333,0.9825969,0.96266085,1.0,0.9963018,0.9836502,0.99274987,0.9817353,0.989005,0.992015,0.9626197,0.9574704,0.92857206,0.9893667,0.9832612,0.9961275,0.98604155,0.0,0.9672701,0.96987563,0.9876203,0.9804102,0.96279895,0.9634634,0.9611492,0.9551537,0.93144464,0.9842375,0.9956299,0.99271166,0.9833778,0.99015474,0.9756059,0.9838517,0.98774517,0.9790056,0.9916464,0.97699463,0.92291737,0.96927655,0.9892957,0.95699215,0.9924245,0.9939196,0.9768741,0.98293793,0.988282,0.0,0.9851929,0.0,0.91598547,0.9965155,0.95346713,0.99150264,0.97875935,0.99165416,0.97426677,0.9847363,0.99124897,0.9401846,0.99190044,0.9301948,0.9866153,0.9853829,0.99040645,0.9706311,0.9860061,0.8893281,0.99332917,0.9832771,0.97378695,0.98523945,0.9920749,0.98889613,0.98576534,0.9449564,0.9911999,0.9669598,0.9870695,0.9741733,0.98098207,0.99277663,0.9474742,0.9841163,0.96565264,0.9511502,0.9874497,0.99605,0.0,0.98495245,0.992912,0.0,0.7448868,0.9792861,0.9880326,0.9686845,0.99168813,0.9823221,0.9955817,0.98076665,0.98644257,0.9668658,0.9871354,0.97114503,0.96936727,0.98578,0.98920107,0.9958797,0.96711475,0.9972455,0.98884284,0.8387288,0.9728016,0.970531,0.982,0.9376169,0.9842297,0.8899399,0.9851591,0.9888344,0.99299085,0.9525004,0.99245715,0.9623568
Wenjing_Li_0001,0.9929832,0.98616123,0.9849334,0.9856785,0.96781087,0.9963018,1.0,0.98826146,0.99405444,0.9867237,0.99249256,0.9945772,0.9664179,0.9572775,0.93751764,0.99296546,0.9870229,0.9987464,0.9904888,0.0,0.97227263,0.9714476,0.9927093,0.9842697,0.9675329,0.96892285,0.96533394,0.96520895,0.93136317,0.98602784,0.99669075,0.9960407,0.9872142,0.991905,0.980738,0.98692405,0.99123377,0.98322797,0.99615276,0.9803106,0.9260774,0.9741393,0.99340004,0.96698654,0.9923576,0.99602497,0.982255,0.9874642,0.9898478,0.0,0.9895686,0.0,0.91558295,0.9975892,0.9546894,0.9943142,0.9806199,0.9907695,0.9793662,0.98836434,0.9930462,0.9461706,0.99529815,0.9260286,0.9902698,0.9918725,0.99428344,0.96986145,0.9906953,0.8934661,0.9957638,0.98535967,0.9757588,0.9865273,0.9946407,0.98940146,0.99024916,0.94966424,0.99338555,0.9705209,0.99187833,0.97719556,0.9849154,0.99598813,0.9537724,0.9867709,0.97141653,0.9565265,0.9913019,0.99874747,0.0,0.98941064,0.9966706,0.0,0.7610599,0.98079413,0.99272895,0.97575283,0.9944191,0.98672265,0.9964733,0.9834011,0.98854935,0.970667,0.9932265,0.97848296,0.9738828,0.9896936,0.99259424,0.99793667,0.9731304,0.9986549,0.99222344,0.8476018,0.98149025,0.97646475,0.98459613,0.95176154,0.9886501,0.8945415,0.98579866,0.99394196,0.9937763,0.955913,0.9933616,0.9645624
Chen_Liu_0011,0.987553,0.9890889,0.98802406,0.9673203,0.9754272,0.9836502,0.98826146,0.9999999,0.99019736,0.99026096,0.9879204,0.9856136,0.9719333,0.9578389,0.9439568,0.9858321,0.99080664,0.9852107,0.9876917,0.0,0.97695166,0.97904855,0.9802489,0.9866314,0.9650529,0.9786282,0.9745468,0.9670572,0.9423499,0.9869729,0.9877598,0.9860269,0.98914784,0.99145126,0.982677,0.9916142,0.9964241,0.98934114,0.9870053,0.9860798,0.9252641,0.97564316,0.99100214,0.9710901,0.98162067,0.98220456,0.9832263,0.99098396,0.9838036,0.0,0.9888223,0.0,0.91804427,0.9896393,0.9603976,0.99081546,0.9841409,0.9824457,0.9848232,0.9897391,0.98049843,0.95219994,0.99056613,0.9442982,0.99349356,0.98380697,0.9921541,0.978178,0.9924836,0.90355754,0.98758423,0.98814523,0.97216326,0.97804654,0.99137443,0.9864726,0.9904494,0.9547836,0.98825514,0.9735453,0.97893983,0.9829575,0.9876036,0.9871343,0.96428657,0.9922225,0.97415614,0.9505185,0.9929984,0.9843625,0.0,0.99886405,0.990121,0.0,0.7462046,0.9868735,0.987994,0.9838521,0.99131674,0.9856812,0.9903631,0.97598726,0.9839218,0.9701643,0.99091583,0.9865061,0.98090315,0.9890367,0.9899419,0.98674405,0.97593963,0.99041396,0.993182,0.85527885,0.98424256,0.98169965,0.9912169,0.94718623,0.9980691,0.9031398,0.9845476,0.9863751,0.98897564,0.9660268,0.9935483,0.97457576
Xiaomin_Zhu_0002,0.9916069,0.98744416,0.98836315,0.9817889,0.9750031,0.99274987,0.99405444,0.99019736,0.9999999,0.9886087,0.9927019,0.9947256,0.9697906,0.9581076,0.93373245,0.9926976,0.99011385,0.99234354,0.9931695,0.0,0.97993743,0.9793477,0.98914623,0.98476875,0.96364,0.9739644,0.9690709,0.9630655,0.9301683,0.98849106,0.9939586,0.9945215,0.98995197,0.9925876,0.9829067,0.9903584,0.99435997,0.9876855,0.9938046,0.9837157,0.9289241,0.9792882,0.9942689,0.9714987,0.98903173,0.99230087,0.9822794,0.9902936,0.99098796,0.0,0.98923826,0.0,0.9237737,0.99528444,0.9634058,0.9949777,0.9828085,0.98868406,0.9810387,0.99118364,0.98984325,0.94010794,0.99382573,0.9319839,0.9941859,0.98832273,0.99531126,0.97394717,0.9925992,0.8889909,0.99469906,0.9904368,0.97595763,0.9854119,0.99731153,0.9912161,0.98962903,0.9492701,0.99249053,0.97444236,0.98635244,0.98164773,0.99077,0.9952717,0.95945305,0.9914052,0.97629654,0.9566855,0.99399215,0.9919817,0.0,0.9906621,0.9959991,0.0,0.7583747,0.9876512,0.9909289,0.97917664,0.99611175,0.9874176,0.9963361,0.98039544,0.98871416,0.97004604,0.99345094,0.9825134,0.98010606,0.9913738,0.99388933,0.9947809,0.9737973,0.996283,0.99370134,0.83849216,0.9811163,0.980477,0.9894504,0.9474786,0.98853564,0.8981565,0.9856067,0.9919948,0.9947828,0.95648086,0.99575937,0.96721405
Yawen_Wang,0.9904851,0.9879507,0.99480855,0.9650774,0.9865937,0.9817353,0.9867237,0.99026096,0.9886087,1.0,0.9881079,0.9839489,0.98294246,0.9601654,0.95405227,0.9876222,0.9960611,0.9826349,0.9874525,0.0,0.98641634,0.98361254,0.9805362,0.98842114,0.96200913,0.9863812,0.97456384,0.97225857,0.9458332,0.99225295,0.98666346,0.98894525,0.9934393,0.99527144,0.993783,0.9947156,0.99434566,0.9942421,0.9858601,0.99457383,0.934403,0.98005867,0.9924504,0.98204005,0.9770554,0.98111975,0.98671293,0.9957254,0.9860692,0.0,0.9870297,0.0,0.9283382,0.9876615,0.95833147,0.99141765,0.99014866,0.9757722,0.99291503,0.992187,0.9835216,0.955593,0.9919234,0.9333808,0.99370515,0.9877437,0.99435556,0.97170454,0.9959665,0.8946825,0.98760533,0.9914631,0.9828,0.98312175,0.9931335,0.9910251,0.9909796,0.95870364,0.98984575,0.97829854,0.97720224,0.9943774,0.98854,0.9858107,0.97599506,0.9932111,0.9791048,0.95472515,0.99620306,0.9816359,0.0,0.9915727,0.98827887,0.0,0.74771535,0.9891542,0.9881535,0.98777056,0.992159,0.9908927,0.9896954,0.9723786,0.98681444,0.9817649,0.9912591,0.99279,0.98447824,0.9931241,0.986615,0.98676836,0.9872534,0.9900491,0.9944134,0.8556183,0.99159926,0.9842236,0.9893522,0.95808387,0.9903058,0.9065467,0.9848739,0.98866,0.9909574,0.96142507,0.9937558,0.9765402
Pei_Zhang_0003,0.99229455,0.9857223,0.98710394,0.9778379,0.9736985,0.989005,0.99249256,0.9879204,0.9927019,0.9881079,1.0,0.9913547,0.965412,0.9495831,0.93086433,0.99412847,0.9873868,0.9895801,0.9917511,0.0,0.9750924,0.9744116,0.98815805,0.9810822,0.96401817,0.97250366,0.959542,0.9725151,0.92626077,0.98517966,0.98960555,0.98975337,0.98853207,0.9913753,0.98287725,0.9873377,0.9916438,0.98781955,0.9929621,0.984737,0.9286274,0.9788274,0.99254775,0.97191143,0.98619497,0.98796105,0.9800434,0.9870433,0.98830235,0.0,0.9900271,0.0,0.9186889,0.9940891,0.95928186,0.9923457,0.9813177,0.9851647,0.9789901,0.98952734,0.9855503,0.93861234,0.9938506,0.92759675,0.9924495,0.9916879,0.9944075,0.97507167,0.990973,0.8896368,0.9905177,0.9880384,0.97604614,0.98360777,0.9947306,0.9878932,0.98813623,0.9500603,0.9875644,0.97091544,0.9918383,0.98178184,0.9869208,0.9917814,0.95442045,0.990721,0.9769703,0.95055926,0.9916148,0.98894244,0.0,0.98895884,0.99429286,0.0,0.7556794,0.98264146,0.99328244,0.9768255,0.99436677,0.9865025,0.9940097,0.9787184,0.98444295,0.9684217,0.99276507,0.9805206,0.97604406,0.99068165,0.9903375,0.9904914,0.9724415,0.9943568,0.99270415,0.84176826,0.9836887,0.97711843,0.98419356,0.95562226,0.98713577,0.8970981,0.98507285,0.9933983,0.9918302,0.95317686,0.99320966,0.96918315
Jianfeng_Guan,0.9930284,0.979036,0.985419,0.98386526,0.97200394,0.992015,0.9945772,0.9856136,0.9947256,0.9839489,0.9913547,0.99999994,0.9644203,0.94977415,0.9305957,0.99303424,0.98624426,0.9927573,0.9942666,0.0,0.97734725,0.9687475,0.992524,0.9790408,0.9622249,0.9661255,0.96702605,0.9625452,0.92420816,0.97944874,0.9920052,0.99491817,0.98869413,0.98860425,0.98019195,0.9858949,0.98965496,0.98251903,0.99644935,0.9761243,0.92425656,0.9741959,0.99493504,0.9727826,0.989479,0.9930253,0.9770467,0.98446965,0.9905691,0.0,0.9886898,0.0,0.9110236,0.9947426,0.9533791,0.9937461,0.9764832,0.98699987,0.9748212,0.9906924,0.9878648,0.92983127,0.9946251,0.9226751,0.9901396,0.99114275,0.99420524,0.9676585,0.990106,0.8795754,0.99586785,0.985808,0.9676634,0.98428565,0.9947424,0.9870281,0.9848417,0.93857855,0.9896514,0.97067237,0.9879345,0.97235847,0.9876747,0.9987487,0.9497327,0.98413837,0.9789423,0.9459399,0.9912771,0.99316823,0.0,0.9859895,0.99644876,0.0,0.78087133,0.98444194,0.98959935,0.9776604,0.99413764,0.98086256,0.99547553,0.9842006,0.98936087,0.9657035,0.9947673,0.9784901,0.97825336,0.9908676,0.99374914,0.9938095,0.9735715,0.9956558,0.99168324,0.8301472,0.9771873,0.9802724,0.9838762,0.94525194,0.9853612,0.90252554,0.98317665,0.9932405,0.9927558,0.9467981,0.99178785,0.9596303
Qi_Qi_0001,0.9721408,0.9737344,0.9830717,0.94188213,0.9825023,0.9626197,0.9664179,0.9719333,0.9697906,0.98294246,0.965412,0.9644203,1.0,0.94967115,0.95751464,0.965207,0.9865161,0.96122867,0.9711499,0.0,0.9839963,0.9681525,0.9625609,0.9699154,0.95312417,0.97073215,0.96242106,0.9552595,0.9305306,0.97938573,0.9683286,0.97059053,0.98354083,0.9791955,0.9857836,0.9857851,0.9774637,0.9780824,0.96669114,0.9797081,0.9128226,0.9586805,0.97703093,0.9708396,0.95927906,0.9609871,0.9740813,0.98142946,0.96990854,0.0,0.9673613,0.0,0.9019709,0.968241,0.9380053,0.9718516,0.97495925,0.9491324,0.98215616,0.98150957,0.96507514,0.94230074,0.974576,0.9205513,0.97284126,0.9646172,0.9770318,0.94283104,0.97983897,0.8519888,0.9737406,0.9786848,0.95822597,0.9682683,0.9761591,0.9743302,0.97553265,0.9448596,0.972553,0.973526,0.9523115,0.97946,0.9766959,0.9651936,0.97115767,0.9778662,0.96180046,0.92993146,0.98341393,0.96199614,0.0,0.97291136,0.9692413,0.0,0.76946646,0.9763528,0.97101074,0.98339844,0.974885,0.9764838,0.9716983,0.95290345,0.97687614,0.96655613,0.9728482,0.979545,0.9798009,0.9780455,0.9677975,0.9661108,0.98484135,0.97108245,0.9760282,0.832736,0.977966,0.9781309,0.97382975,0.9236935,0.97217643,0.90725887,0.9673404,0.9679123,0.9730871,0.9455539,0.97776186,0.9599463
Qiwei_Shen,0.9512181,0.95543236,0.95323545,0.9332259,0.9513737,0.9574704,0.9572775,0.9578389,0.9581076,0.9601654,0.9495831,0.94977415,0.94967115,1.0,0.9366015,0.94452584,0.96013796,0.9563086,0.9499155,0.0,0.9431084,0.9580234,0.94196415,0.95523643,0.9291332,0.94580925,0.9557202,0.91657436,0.924665,0.95990455,0.96025443,0.9572929,0.9518606,0.9634142,0.9510267,0.9609462,0.95981324,0.95409477,0.9532423,0.9586633,0.91197795,0.9489254,0.9555031,0.929526,0.95138395,0.9551394,0.9580273,0.96287215,0.9523279,0.0,0.9531842,0.0,0.91081613,0.95597714,0.9304403,0.96166706,0.9572092,0.94349325,0.95825684,0.95010614,0.95546156,0.9169271,0.95675933,0.9278972,0.96134627,0.9442691,0.95653653,0.9401507,0.95865226,0.8533282,0.9600916,0.9538656,0.95162344,0.94785774,0.96029186,0.95651543,0.9635552,0.9390282,0.96557224,0.94604504,0.94329786,0.9575098,0.95639956,0.9543836,0.93995214,0.954035,0.92844313,0.93151766,0.95890087,0.95562625,0.0,0.9597571,0.95753026,0.0,0.695226,0.9551033,0.95313287,0.94220924,0.9604727,0.9568942,0.9582892,0.9395341,0.9543116,0.95009017,0.94877356,0.95404255,0.9442692,0.958095,0.95629096,0.9601356,0.9435965,0.9596479,0.9597446,0.8236576,0.94936717,0.93607175,0.95835894,0.91336215,0.95702934,0.88792956,0.95289075,0.9508364,0.96610034,0.9494383,0.96087277,0.9329163
Chuan_Shi,0.93908286,0.94412553,0.950174,0.90645885,0.9500494,0.92857206,0.93751764,0.9439568,0.93373245,0.95405227,0.93086433,0.9305957,0.95751464,0.9366015,1.0,0.9314355,0.9538953,0.93285453,0.93433684,0.0,0.94442356,0.9353349,0.93227243,0.94162905,0.93634063,0.9420608,0.93256736,0.9174444,0.91802514,0.9452974,0.93984807,0.9411713,0.946573,0.94637287,0.95329726,0.94969785,0.9467195,0.944636,0.9357643,0.9463856,0.89530754,0.92601323,0.94349056,0.9451536,0.9231491,0.9322159,0.9414852,0.95345485,0.93476593,0.0,0.93430877,0.0,0.88263905,0.93556106,0.90586686,0.94029343,0.93824905,0.91287416,0.94873047,0.94354,0.93321097,0.9164634,0.9429579,0.89662045,0.94134223,0.9332242,0.94416034,0.90798223,0.94721234,0.8593185,0.93991244,0.93898,0.9295148,0.9382391,0.93997085,0.9421189,0.9437623,0.91499734,0.94288784,0.93086535,0.9217864,0.9465611,0.941719,0.93119,0.940362,0.93877697,0.9270408,0.91890055,0.95120764,0.93204653,0.0,0.94693327,0.93597054,0.0,0.7203813,0.944507,0.93818116,0.9427082,0.9393805,0.946627,0.937436,0.9207745,0.9403707,0.94260263,0.94055843,0.9565525,0.94012296,0.94668275,0.93435335,0.9362049,0.9468005,0.9382349,0.9409546,0.82668793,0.9462428,0.9364922,0.94495595,0.91213495,0.9470438,0.8788967,0.9313488,0.93763745,0.93812144,0.9190664,0.9409609,0.92765766
Yongping_Xiong,0.9928444,0.98495543,0.9864653,0.98123455,0.9729545,0.9893667,0.99296546,0.9858321,0.9926976,0.9876222,0.99412847,0.99303424,0.965207,0.94452584,0.9314355,1.0000001,0.98777986,0.9899992,0.98988104,0.0,0.9761375,0.969669,0.98888135,0.9811437,0.96405715,0.9689698,0.9595157,0.97116095,0.9208131,0.9844433,0.9893527,0.99217796,0.9879868,0.98926777,0.9823804,0.9864702,0.9903915,0.98684317,0.9940848,0.98379517,0.91894066,0.9794886,0.99250364,0.9748508,0.9862329,0.9911176,0.9796578,0.9855063,0.9878328,0.0,0.9900639,0.0,0.9141247,0.99491024,0.9550414,0.99230504,0.9788939,0.9885067,0.9763763,0.99009717,0.9867177,0.9391791,0.994761,0.9236176,0.9914621,0.9918475,0.9951025,0.97079,0.99234915,0.889279,0.99111044,0.987433,0.9757195,0.9824774,0.9941082,0.9888363,0.9873204,0.9441786,0.9868915,0.97081333,0.98818564,0.98042774,0.98783696,0.9928992,0.95311433,0.9885029,0.98041683,0.9513073,0.9918317,0.989562,0.0,0.9869435,0.99504113,0.0,0.76268506,0.9808588,0.99108934,0.97606194,0.9934076,0.9840102,0.9942632,0.9804299,0.9860506,0.9621374,0.9942102,0.980665,0.97610277,0.9903536,0.99011827,0.99185336,0.97166246,0.994436,0.9928825,0.8390155,0.980678,0.9775558,0.983726,0.9536774,0.9850983,0.90229774,0.98612046,0.9943835,0.9899602,0.9471233,0.9927086,0.9648192
Haihong_E,0.98979294,0.9878491,0.9962536,0.96436775,0.99234253,0.9832612,0.9870229,0.99080664,0.99011385,0.9960611,0.9873868,0.98624426,0.9865161,0.96013796,0.9538953,0.98777986,1.0,0.98306924,0.9892248,0.0,0.9896829,0.9854244,0.9808029,0.98685324,0.96355224,0.98300976,0.97316456,0.97187483,0.93994474,0.9910737,0.9878642,0.9894125,0.9954582,0.9952255,0.99486935,0.9975235,0.9951783,0.99606603,0.9863422,0.9901788,0.93266183,0.98153085,0.994249,0.9830817,0.9790747,0.9815614,0.9869821,0.9954308,0.9886998,0.0,0.98482573,0.0,0.92614317,0.9894159,0.96287477,0.9921923,0.98964864,0.9767562,0.9911239,0.9952927,0.98239267,0.9482394,0.9929123,0.9377583,0.9922706,0.9863363,0.99524033,0.97034335,0.9956071,0.88504076,0.9897882,0.9945982,0.9769364,0.9847223,0.99423903,0.9918643,0.9915115,0.9551646,0.98969233,0.9797118,0.9753026,0.989336,0.9892341,0.9869852,0.97170365,0.9941548,0.9793516,0.9515774,0.99889666,0.98241395,0.0,0.99212265,0.9888903,0.0,0.7693277,0.991546,0.98845226,0.9899382,0.99314165,0.9917381,0.9921609,0.9743433,0.99096495,0.9774878,0.9925114,0.9914044,0.9873778,0.9947158,0.98871934,0.98692894,0.98755336,0.9910363,0.99468106,0.85282576,0.989151,0.9883708,0.98952866,0.9537101,0.9914353,0.9093791,0.9859836,0.98781407,0.99131596,0.9624691,0.99516696,0.9768576
Fanqin_Zhou,0.989714,0.98295105,0.9794375,0.9865127,0.9616539,0.9961275,0.9987464,0.9852107,0.99234354,0.9826349,0.9895801,0.9927573,0.96122867,0.9563086,0.93285453,0.9899992,0.98306924,1.0,0.98742867,0.0,0.9663184,0.968722,0.9908751,0.98212564,0.9641892,0.964002,0.96304476,0.95935965,0.9321962,0.9824238,0.9961928,0.9949101,0.9825629,0.98903847,0.975909,0.98336184,0.98782563,0.9791846,0.99301183,0.9756057,0.9234033,0.9712023,0.9906033,0.9600233,0.9918099,0.9961515,0.9792555,0.9833821,0.98735625,0.0,0.98508066,0.0,0.91591287,0.99608606,0.9510863,0.99302375,0.9779672,0.99203014,0.97545356,0.98369914,0.9931757,0.9436418,0.99286616,0.9235496,0.98679554,0.98861456,0.991238,0.9686798,0.9862162,0.89282924,0.9935155,0.9817645,0.9725348,0.98552287,0.99198925,0.9872978,0.98844373,0.9470458,0.99264425,0.9661102,0.9894727,0.9724783,0.9800151,0.9943274,0.9479729,0.98334825,0.96594167,0.9544686,0.98759353,0.9995624,0.0,0.98622245,0.9938973,0.0,0.75628304,0.9768064,0.9902054,0.96948504,0.99192846,0.9830167,0.9948063,0.98202074,0.9857221,0.96618557,0.99004525,0.97354245,0.9679117,0.98582,0.990845,0.9975859,0.96709085,0.9971617,0.98876274,0.8410401,0.975881,0.9707146,0.9807813,0.9468564,0.98593986,0.88733053,0.98367643,0.991351,0.99259007,0.9548252,0.9912274,0.96058863
Shuzhuang_Zhang,0.99289227,0.9828615,0.9884616,0.9769584,0.9786924,0.98604155,0.9904888,0.9876917,0.9931695,0.9874525,0.9917511,0.9942666,0.9711499,0.9499155,0.93433684,0.98988104,0.9892248,0.98742867,1.0000001,0.0,0.98233485,0.9741748,0.98750126,0.978922,0.9584619,0.97252196,0.966655,0.9707937,0.9248359,0.9848297,0.9888164,0.9909519,0.99243116,0.9905939,0.9861712,0.9895653,0.99203944,0.98735774,0.9930731,0.982153,0.9260769,0.97668684,0.9942806,0.9776298,0.9818622,0.98692465,0.9796074,0.98810244,0.9894587,0.0,0.9860816,0.0,0.91431856,0.9912504,0.95787877,0.992481,0.97962046,0.9813727,0.98011583,0.992944,0.9839835,0.9331785,0.9932859,0.92822015,0.99227345,0.9907895,0.99389404,0.9667126,0.9918832,0.8745658,0.992033,0.9892542,0.9701252,0.9838099,0.9946044,0.9868666,0.98652095,0.9489437,0.9889902,0.97407836,0.9851272,0.97988033,0.9891076,0.9937755,0.9570955,0.9898139,0.98005104,0.94894135,0.9925581,0.98737144,0.0,0.98832065,0.99358594,0.0,0.7776457,0.98744726,0.99053586,0.98417854,0.99369454,0.98620105,0.99322736,0.9767741,0.98826027,0.9680193,0.99375,0.98168033,0.9823243,0.9915124,0.9929571,0.9891913,0.97843736,0.9928435,0.9922587,0.8349446,0.98499215,0.9846175,0.98473895,0.94831985,0.98723495,0.90481055,0.9821595,0.9929913,0.9914627,0.9542366,0.9927575,0.9652093
Hongliang_Liang,0.0,0.0,0.0,0.0,0.0,0.0,0.0,0.0,0.0,0.0,0.0,0.0,0.0,0.0,0.0,0.0,0.0,0.0,0.0,0.0,0.0,0.0,0.0,0.0,0.0,0.0,0.0,0.0,0.0,0.0,0.0,0.0,0.0,0.0,0.0,0.0,0.0,0.0,0.0,0.0,0.0,0.0,0.0,0.0,0.0,0.0,0.0,0.0,0.0,0.0,0.0,0.0,0.0,0.0,0.0,0.0,0.0,0.0,0.0,0.0,0.0,0.0,0.0,0.0,0.0,0.0,0.0,0.0,0.0,0.0,0.0,0.0,0.0,0.0,0.0,0.0,0.0,0.0,0.0,0.0,0.0,0.0,0.0,0.0,0.0,0.0,0.0,0.0,0.0,0.0,0.0,0.0,0.0,0.0,0.0,0.0,0.0,0.0,0.0,0.0,0.0,0.0,0.0,0.0,0.0,0.0,0.0,0.0,0.0,0.0,0.0,0.0,0.0,0.0,0.0,0.0,0.0,0.0,0.0,0.0,0.0,0.0,0.0,0.0,0.0,0.0
Linmei_Hu,0.9794879,0.97258687,0.9892646,0.95184207,0.9897894,0.9672701,0.97227263,0.97695166,0.97993743,0.98641634,0.9750924,0.97734725,0.9839963,0.9431084,0.94442356,0.9761375,0.9896829,0.9663184,0.98233485,0.0,1.0,0.9737446,0.9674499,0.9720279,0.945298,0.9745868,0.9655123,0.9595976,0.92291355,0.9820192,0.97275734,0.9782891,0.99333894,0.98386693,0.9904886,0.99042773,0.984251,0.9855578,0.9767207,0.979868,0.9193402,0.9698237,0.98463595,0.97977185,0.9639725,0.9667323,0.9746897,0.9869226,0.98351824,0.0,0.9754943,0.0,0.90862656,0.9738518,0.9539517,0.97830665,0.980205,0.9571557,0.9819197,0.9917948,0.9682547,0.92924535,0.9802699,0.9178946,0.98179317,0.9754561,0.98380387,0.9577198,0.9861345,0.85954773,0.9825268,0.98893636,0.9589898,0.9716531,0.98467636,0.98047185,0.9768382,0.9337652,0.9775741,0.97827,0.9601897,0.97972244,0.9861126,0.9768853,0.9688157,0.9831576,0.975475,0.9322649,0.9892435,0.9672351,0.0,0.9775901,0.9782161,0.0,0.7819601,0.9881263,0.97510576,0.99125123,0.9831978,0.97748303,0.97863436,0.96293664,0.9851539,0.96722937,0.9815767,0.98601425,0.990047,0.98548937,0.9777613,0.97111976,0.9873524,0.97708726,0.9836553,0.82784224,0.9811399,0.9908805,0.97971576,0.9325932,0.97578764,0.9192909,0.9759984,0.97610164,0.9797166,0.9414418,0.9837619,0.96521324
Yanhua_Yu,0.97316885,0.9786396,0.98148954,0.95256805,0.9777492,0.96987563,0.9714476,0.97904855,0.9793477,0.98361254,0.9744116,0.9687475,0.9681525,0.9580234,0.9353349,0.969669,0.9854244,0.968722,0.9741748,0.0,0.9737446,1.0,0.9620902,0.9729822,0.9432584,0.9792938,0.96212864,0.95328957,0.9438098,0.98306286,0.97530913,0.9763982,0.98121536,0.98318124,0.98240435,0.9855121,0.98253584,0.98464334,0.9678372,0.9785671,0.9281677,0.96701205,0.97680575,0.9580843,0.96522486,0.971321,0.975806,0.98901165,0.97307706,0.0,0.96815884,0.0,0.9351013,0.9729174,0.966572,0.97967386,0.9889151,0.96348286,0.985842,0.979951,0.97407186,0.93963474,0.9761282,0.9414896,0.9783021,0.96904665,0.9822036,0.96927685,0.9797963,0.8827609,0.9730836,0.98564434,0.9700644,0.9672681,0.98070157,0.9850146,0.98057526,0.95516104,0.9821362,0.9652126,0.95711607,0.9818113,0.9719138,0.97081155,0.968426,0.9844765,0.95621127,0.9498793,0.9833443,0.9669391,0.0,0.9813761,0.9726875,0.0,0.7284987,0.9825525,0.97259647,0.973566,0.9790411,0.98339266,0.97760725,0.95268923,0.97800505,0.97495294,0.9737922,0.97531223,0.9745051,0.97902155,0.9729229,0.9757949,0.972538,0.9766083,0.97914994,0.8422634,0.9766562,0.97312915,0.9737757,0.93986297,0.97957075,0.87282825,0.9752946,0.9705551,0.98153186,0.966874,0.98273396,0.97546744
Yan_Shi_0002,0.99041295,0.98016185,0.9815885,0.9831867,0.9627168,0.9876203,0.9927093,0.9802489,0.98914623,0.9805362,0.98815805,0.992524,0.9625609,0.94196415,0.93227243,0.98888135,0.9808029,0.9908751,0.98750126,0.0,0.9674499,0.9620902,1.0,0.9773428,0.9673137,0.9618679,0.9535241,0.9673042,0.92407227,0.97583675,0.98803604,0.99095213,0.98073053,0.9840869,0.9772199,0.97973907,0.9836807,0.9769897,0.9919102,0.9742584,0.92233694,0.9720212,0.9894095,0.96843743,0.9880849,0.99210656,0.9764303,0.9796499,0.98300517,0.0,0.98353624,0.0,0.9086057,0.9909508,0.94241405,0.99039054,0.9706905,0.9832058,0.9718257,0.9825876,0.9868113,0.9391333,0.9915388,0.9064566,0.98446834,0.99045426,0.98901665,0.9568979,0.9840698,0.8794937,0.98891985,0.97582865,0.9718857,0.9806113,0.98903376,0.9802476,0.9842331,0.9449059,0.9848647,0.9617449,0.98916864,0.97029686,0.9806673,0.99245626,0.9458247,0.981148,0.96781117,0.94674253,0.9858732,0.9907875,0.0,0.9814037,0.9917121,0.0,0.76674205,0.9736872,0.98916185,0.9713739,0.98798376,0.9800587,0.9902219,0.9803871,0.98042643,0.96614414,0.99107176,0.9723791,0.9694,0.9846523,0.98665416,0.9910955,0.96917254,0.9917314,0.9852789,0.8321727,0.9760937,0.9736682,0.97781473,0.9462242,0.9813483,0.88720995,0.9747838,0.9908215,0.9859814,0.94087803,0.9852264,0.9531729
Haifeng_Sun,0.9858462,0.98238647,0.98318315,0.9658998,0.97231764,0.9804102,0.9842697,0.9866314,0.98476875,0.98842114,0.9810822,0.9790408,0.9699154,0.95523643,0.94162905,0.9811437,0.98685324,0.98212564,0.978922,0.0,0.9720279,0.9729822,0.9773428,1.0000001,0.95663726,0.97832245,0.9738178,0.9611938,0.9337045,0.9827155,0.9823569,0.98279536,0.9834732,0.98858327,0.98104584,0.98707134,0.9876758,0.98333883,0.9821063,0.9815153,0.93212104,0.9758388,0.98513854,0.9681273,0.9796388,0.97900796,0.9819213,0.9875696,0.97959846,0.0,0.9830066,0.0,0.9339986,0.984872,0.9495666,0.9850614,0.98375136,0.9769267,0.9863605,0.983472,0.98003453,0.9601197,0.9891311,0.92052555,0.9843576,0.9827516,0.98779273,0.9711499,0.98758006,0.9065658,0.9831003,0.9802666,0.9723743,0.982093,0.98844504,0.98542976,0.98792577,0.954456,0.98478204,0.97351205,0.97541064,0.9795989,0.98315835,0.98113394,0.9734147,0.9847754,0.96474254,0.9515969,0.98868865,0.9808406,0.0,0.986171,0.98488283,0.0,0.73549795,0.97893596,0.98328376,0.9758798,0.9888406,0.9802658,0.9859486,0.9757098,0.9803524,0.9694462,0.98604774,0.98665386,0.9747257,0.98206645,0.9826099,0.9842672,0.9776406,0.98622364,0.98755354,0.8547517,0.982103,0.973722,0.98392874,0.9490421,0.9844802,0.9065907,0.9797418,0.9840562,0.98508334,0.9518343,0.9877584,0.969016
Yuhong_Li,0.95983005,0.973274,0.9596273,0.94372374,0.9445529,0.96279895,0.9675329,0.9650529,0.96364,0.96200913,0.96401817,0.9622249,0.95312417,0.9291332,0.93634063,0.96405715,0.96355224,0.9641892,0.9584619,0.0,0.945298,0.9432584,0.9673137,0.95663726,1.0,0.9438671,0.9304071,0.94184256,0.9070197,0.9581571,0.96879256,0.96390295,0.95982456,0.96253335,0.9572722,0.9612069,0.968795,0.95668477,0.9668237,0.9563906,0.89968145,0.9375772,0.9650519,0.94662154,0.96124387,0.9639758,0.9497832,0.9616792,0.9528675,0.0,0.9650798,0.0,0.8945781,0.9694278,0.91470075,0.9627716,0.94787294,0.9542548,0.9501898,0.9615612,0.9544826,0.92578346,0.9686423,0.9085798,0.964954,0.9605992,0.9673866,0.9311609,0.9625132,0.8611417,0.96254164,0.9541641,0.94383866,0.95809066,0.96361357,0.95750105,0.9617319,0.91711617,0.9541127,0.94752693,0.9655468,0.9509759,0.9632386,0.96147704,0.9321332,0.9624187,0.94596964,0.94016826,0.9664924,0.96327364,0.0,0.966312,0.968251,0.0,0.7524833,0.94991696,0.96517205,0.94788,0.9630415,0.9657476,0.967062,0.95480746,0.958045,0.9461818,0.96461475,0.9565978,0.9478849,0.9606726,0.95875967,0.9642845,0.9458415,0.96789086,0.9614245,0.81005025,0.9529331,0.9490688,0.96713066,0.9186029,0.96677196,0.8652569,0.95255995,0.96101105,0.96260536,0.93720853,0.96503407,0.9392761
Dong_Zhao_0001,0.97888553,0.97814214,0.9814359,0.945176,0.9772469,0.9634634,0.96892285,0.9786282,0.9739644,0.9863812,0.97250366,0.9661255,0.97073215,0.94580925,0.9420608,0.9689698,0.98300976,0.964002,0.97252196,0.0,0.9745868,0.9792938,0.9618679,0.97832245,0.9438671,1.0000001,0.97078604,0.95904076,0.92935836,0.9791522,0.96927243,0.9710302,0.98020196,0.9839382,0.98461294,0.9825978,0.981045,0.98124653,0.9684396,0.9793534,0.91909367,0.96399605,0.9762622,0.96826607,0.960281,0.9627857,0.97764957,0.98589945,0.9670389,0.0,0.9715116,0.0,0.9228963,0.9694224,0.948436,0.97527754,0.985849,0.9561262,0.99228823,0.978057,0.9671134,0.9575728,0.9764175,0.92733085,0.9770335,0.97273916,0.9808207,0.96500444,0.9830613,0.90509784,0.96951234,0.97843647,0.9678705,0.96518546,0.9793415,0.9791436,0.9793203,0.9547218,0.9773874,0.969494,0.95498496,0.9804059,0.9751195,0.9693357,0.9835999,0.98143995,0.96289384,0.93425554,0.98181653,0.96275836,0.0,0.9793402,0.9719615,0.0,0.74125445,0.9768722,0.973195,0.9762809,0.9782915,0.97942257,0.9731014,0.9578697,0.97009015,0.9745122,0.97737503,0.9832684,0.9754915,0.97736555,0.97067624,0.9684845,0.98146594,0.97271866,0.97991467,0.85968083,0.9882717,0.9698563,0.9764563,0.9489759,0.9788554,0.88427764,0.9662497,0.97508067,0.9750008,0.95875764,0.97874755,0.969488
Tiemeng_Li,0.9729636,0.96152675,0.9683484,0.9485159,0.9631665,0.9611492,0.96533394,0.9745468,0.9690709,0.97456384,0.959542,0.96702605,0.96242106,0.9557202,0.93256736,0.9595157,0.97316456,0.96304476,0.966655,0.0,0.9655123,0.96212864,0.9535241,0.9738178,0.9304071,0.97078604,1.0,0.94278806,0.9244622,0.9663476,0.9645139,0.968213,0.97025394,0.9723627,0.96579534,0.9738472,0.9737499,0.96649814,0.96735597,0.9635851,0.9055685,0.95801806,0.9713266,0.9569187,0.9606483,0.9604993,0.96822846,0.9742381,0.96663594,0.0,0.9681628,0.0,0.898865,0.9634565,0.9388754,0.9699287,0.9711052,0.9556137,0.97908723,0.96950364,0.96359205,0.9487917,0.9704485,0.9263295,0.97100437,0.96042085,0.972704,0.9622707,0.9745321,0.89115536,0.9733095,0.96556133,0.94662,0.9588971,0.9737157,0.9696844,0.9719106,0.94875026,0.9746788,0.9643761,0.94762903,0.9612813,0.9691788,0.9706086,0.9738399,0.9664433,0.9628026,0.9222496,0.97375065,0.96263194,0.0,0.9724854,0.96897805,0.0,0.7376041,0.9716468,0.96315557,0.96818113,0.9746029,0.9595767,0.96757,0.96275556,0.96906376,0.95374537,0.97076887,0.9797822,0.9639534,0.9683238,0.9728546,0.9671137,0.97319376,0.9672196,0.9731191,0.827692,0.9713739,0.9613516,0.96954393,0.9234118,0.9718213,0.9043077,0.96730924,0.96449333,0.97061586,0.9454316,0.9728371,0.9554189
Feng_Qi_0004,0.97459626,0.9682682,0.9698326,0.9496628,0.9627,0.9551537,0.96520895,0.9670572,0.9630655,0.97225857,0.9725151,0.9625452,0.9552595,0.91657436,0.9174444,0.97116095,0.97187483,0.95935965,0.9707937,0.0,0.9595976,0.95328957,0.9673042,0.9611938,0.94184256,0.95904076,0.94278806,1.0,0.89562714,0.9639503,0.9607136,0.9628786,0.96868956,0.96811986,0.9725443,0.96968436,0.9689794,0.97208047,0.96804905,0.9666647,0.9024173,0.9644609,0.9712584,0.9646804,0.9533316,0.95912874,0.9711742,0.9657252,0.95499945,0.0,0.96657664,0.0,0.89974856,0.967637,0.9343178,0.96666116,0.9605162,0.95541525,0.9671538,0.96955216,0.95983744,0.9381297,0.9732596,0.91153485,0.9682112,0.97533023,0.9743669,0.9465654,0.9735118,0.86634433,0.9623093,0.96545494,0.95658016,0.95974356,0.9704472,0.96198905,0.9724584,0.95005894,0.9606289,0.9451673,0.9659378,0.96397126,0.9664283,0.9636945,0.9461233,0.97326195,0.9618049,0.92210233,0.97218513,0.95773023,0.0,0.96772265,0.96903694,0.0,0.76115626,0.95872235,0.97413325,0.96207595,0.96955365,0.9740194,0.96791434,0.958205,0.96021676,0.95103854,0.9748813,0.9668689,0.9532678,0.9698246,0.9637743,0.9620081,0.96625483,0.9666684,0.97246057,0.8169872,0.97564447,0.9581902,0.9588747,0.9522892,0.96622646,0.88538265,0.9602718,0.9698795,0.9616834,0.9331995,0.96863395,0.95002687
Rongfeng_Li,0.9242585,0.9307791,0.9390335,0.91191137,0.9211127,0.93144464,0.93136317,0.9423499,0.9301683,0.9458332,0.92626077,0.92420816,0.9305306,0.924665,0.91802514,0.9208131,0.93994474,0.9321962,0.9248359,0.0,0.92291355,0.9438098,0.92407227,0.9337045,0.9070197,0.92935836,0.9244622,0.89562714,0.99999994,0.9423363,0.9366282,0.9322511,0.93703365,0.94224787,0.9375064,0.94144094,0.93628895,0.9373117,0.92052495,0.9425346,0.8964673,0.91059685,0.9286892,0.9062629,0.9263992,0.92633295,0.9329446,0.9463666,0.93150663,0.0,0.9244883,0.0,0.88652444,0.92870855,0.91031945,0.9346026,0.94926524,0.9240157,0.94452596,0.9322504,0.9365854,0.9128625,0.9338825,0.89937305,0.9378009,0.9221468,0.93427753,0.93381727,0.932819,0.86657196,0.9287369,0.9355239,0.9347607,0.92559576,0.93392694,0.9372033,0.9430239,0.91182023,0.94655013,0.92354786,0.9146161,0.94361055,0.9197408,0.9240132,0.91447586,0.94146955,0.8978952,0.9065579,0.93876255,0.9311655,0.0,0.9441249,0.9239632,0.0,0.6486054,0.94186026,0.9278848,0.9322183,0.93275654,0.93096685,0.9330727,0.91271025,0.9299793,0.9471739,0.9271778,0.93310165,0.9258476,0.92883646,0.92687297,0.9336883,0.93379205,0.9358415,0.93430334,0.8489901,0.93349445,0.9269061,0.9301714,0.8842713,0.9459199,0.82647014,0.9360453,0.92732084,0.94138443,0.93229026,0.94041014,0.94066644
Jincui_Yang,0.98343223,0.9878403,0.98893154,0.9647783,0.9797773,0.9842375,0.98602784,0.9869729,0.98849106,0.99225295,0.98517966,0.97944874,0.97938573,0.95990455,0.9452974,0.9844433,0.9910737,0.9824238,0.9848297,0.0,0.9820192,0.98306286,0.97583675,0.9827155,0.9581571,0.9791522,0.9663476,0.9639503,0.9423363,0.99999994,0.9872662,0.98592556,0.9903227,0.99240994,0.9875121,0.9917873,0.99174297,0.98961633,0.98218876,0.9916652,0.92628366,0.9722699,0.98751295,0.96995294,0.97678506,0.98038036,0.9828688,0.9930598,0.98607075,0.0,0.98384035,0.0,0.9170723,0.9870676,0.96050125,0.98692185,0.9878714,0.97851586,0.9881618,0.9889482,0.9823204,0.95263374,0.9875453,0.93838346,0.9902878,0.9808852,0.9897283,0.97075707,0.99081117,0.89070284,0.9852871,0.99010235,0.9822855,0.9813764,0.99051195,0.9895329,0.98820865,0.95945626,0.989049,0.9725274,0.9748925,0.9917643,0.98496497,0.98145306,0.97182345,0.9912816,0.9672222,0.95760703,0.9917895,0.9816481,0.0,0.98885065,0.9854049,0.0,0.741279,0.9849987,0.98490614,0.98385966,0.98925966,0.9884082,0.9890027,0.9657273,0.9842981,0.9740462,0.984848,0.9845656,0.9801971,0.98841935,0.9825634,0.9854222,0.9819217,0.9893688,0.9896579,0.8579121,0.98663616,0.98088026,0.9860662,0.9423183,0.9859975,0.8983402,0.9853946,0.9837371,0.9893204,0.96351767,0.9929656,0.9771541
